79
79
189
79
79
148
18
31
40
40
9
9
12
12
22
20
21
26
17
70
71
72
138
140
132
141
136
13
137
139
18
13
41
13
40
74
21
13
23
13
62
69
86
197
22
28
199
198
204
292
230
244
294
325
293
299
12
13
86
80
90
94
130
12
12
13
13
62
135
10
46
74
122
9
10
9
98
9
14
9
23
29
16
121
189
116
52
53
54
30
50
31
51
32
29
33
30
34
31
34
32
37
38
33
39
36
40
41
11
15
20
33
12
36
14
56
34
74
37
78
42
55
96
57
102
69
106
112
93
113
116
122
146
126
49
130
51
136
62
50
63
61
64
40
7
7
39
7
7
10
20
80
21
81
22
82
23
120
24
123
25
126
79
142
116
143
117
150
129
150
130
87
130
94
131
122
162
131
226
132
227
132
133
227
228
133
134
228
134
229
136
229
137
230
230
137
231
138
234
138
140
234
141
235
144
237
240
145
147
245
245
148
246
148
246
149
247
149
80
247
115
272
180
273
181
94
181
273
182
99
183
101
274
231
233
105
235
275
238
107
109
239
111
241
113
242
297
244
298
8
86
298
87
299
95
185
104
190
106
192
108
195
110
196
198
295
201
112
203
296
307
296
308
297
311
299
186
49
300
339
300
362
363
302
363
303
197
7
303
364
304
365
199
366
200
367
304
371
202
373
306
376
204
381
309
381
310
382
47
382
336
383
337
337
383
408
338
409
364
409
365
410
366
411
367
457
369
458
370
482
370
483
371
485
374
485
375
486
377
486
378
487
380
487
456
489
459
490
483
491
484
495
484
496
490
24
491
25
493
494
26
27
497
536
498
28
500
537
501
29
501
537
502
538
502
503
33
503
34
539
25
26
36
27
582
28
29
31
28
32
30
35
56
59
61
40
67
29
67
35
35
84
55
21
57
27
58
53
60
21
60
22
53
78
67
38
13
39
86
45
129
25
65
26
66
51
68
90
20
26
22
11
68
11
20
33
27
56
13
63
13
104
81
50
24
57
50
59
52
14
15
88
30
30
32
34
14
36
11
30
95
57
11
58
11
102
15
51
15
52
75
163
58
167
9
13
19
10
31
13
27
33
90
35
49
41
102
6
109
11
18
15
19
70
23
162
42
164
12
28
44
51
13
114
13
57
20
134
161
8
164
30
9
163
13
9
137
38
166
59
62
14
63
47
60
20
61
81
79
71
73
69
84
70
86
85
87
87
86
88
65
81
73
30
89
69
105
110
113
118
26
119
67
128
68
73
32
78
97
80
106
108
113
115
122
125
27
130
25
28
26
79
37
84
39
21
40
24
67
28
105
30
171
24
172
31
239
38
68
40
98
36
42
112
43
114
49
142
59
104
152
240
156
76
75
90
76
65
98
120
66
62
142
113
75
84
153
40
76
61
42
43
70
62
84
92
38
106
48
60
114
87
128
23
136
25
150
34
158
34
89
50
41
52
44
53
65
55
19
55
48
70
56
78
82
24
19
30
20
34
26
51
46
54
48
107
20
21
20
45
28
47
28
49
74
95
15
31
11
20
18
20
28
28
30
32
16
45
17
47
30
51
32
53
33
48
19
18
21
20
29
31
16
44
25
46
47
48
56
53
67
54
71
54
46
47
50
19
25
69
11
30
45
46
55
57
62
62
67
71
206
23
11
3
1425
11
139
144
146
313
324
329
363
331
366
145
235
238
1
1
130
2
2
2
55
202
139
181
55
